1.647426
1.417751
1.275810
1.170500
1.134955
1.044754
1.023190
0.888593
0.875522
0.860021
0.723509
0.734333
0.718382
0.613614
0.875542
0.602401
0.532451
0.534880
0.695239
0.951487
0.454201
0.406894
0.403991
0.340070
0.309845
0.326241
0.288394
0.186591
0.164579
0.329712
0.238478
0.196548
0.228548
0.399262
0.118280
0.033278
0.090190
0.073075
0.039630
0.032500
0.032229
0.063122
0.025419
0.025840
0.038348
0.012572
0.055993
0.042802
0.013912
0.013479
0.025846
0.024273
0.028021
0.059147
0.036782
0.017924
0.040502
0.008089
0.013537
0.015177
0.034274
0.021946
0.051600
0.021380
0.033236
0.019259
0.015951
0.009306
0.003493
0.034456
0.105917
0.016427
0.009749
0.018571
0.111014
0.034846
0.002334
0.022175
0.005697
0.007716
0.003916
0.010095
0.024597
0.010486
0.014811
0.009135
0.017104
0.029338
0.027226
0.017557
0.002621
0.012335
0.011059
0.005338
0.031255
0.006993
0.006383
0.022610
0.031700
0.015860
0.004789
0.003129
0.009160
0.015309
0.006932
0.008022
0.016363
0.008690
0.007710
0.005539
0.005732
0.005302
0.023806
0.004152
0.005975
0.011860
0.003003
0.013715
0.006871
0.017235
