，1.545247
1.366635
1.298098
1.201549
1.320749
1.188681
1.062029
0.986519
0.918303
0.889469
0.871044
0.842718
0.809869
0.763232
0.676579
0.725632
0.702835
0.548072
0.609274
0.477583
0.362916
0.344143
0.324143
0.359594
0.290600
0.252354
0.396549
0.302002
0.171593
0.104183
0.112287
0.224221
0.054861
0.122997
0.116432
0.020752
0.070264
0.065641
0.036954
0.097860
0.103256
0.032170
0.072630
0.032567
0.072631
0.020235
0.026634
0.040772
0.041659
0.081910
0.027148
0.011085
0.007948
0.104164
0.104477
0.029666
0.021723
0.096016
0.007478
0.013228
0.032145
0.023194
0.021960
0.015508
0.016124
0.047281
0.003657
0.017939
0.010432
0.012035
0.179651
0.048514
0.007233
0.073280
0.046432
0.031429
0.003189
0.014163
0.021772
0.043527
0.045251
0.018885
0.018586
0.029835
0.010295
0.008616
0.003740
0.006369
0.010638
0.016844
0.064218
0.021768
0.001710
0.073733
0.010390
0.036006
0.006757
0.021897
0.003863
0.023855
